30439
27140
60169
64816
56381
23083
11431
18990
42917
62214
59861
64426
43413
20832
3319
20349
32854
807
4336
51559
13361
47427
60740
57266
38023
30547
15163
16703
58541
6633
24772
8500
40645
64864
15868
10542
31928
7162
61868
9695
21929
38836
49571
57953
26096
23038
25682
20018
6113
44624
58449
24691
5262
39211
51856
18302
25933
37326
11730
4833
34906
41026
31819
48109
62108
63422
28311
64395
1252
65456
30160
40766
41706
6289
56982
6359
6718
62021
65034
9386
65167
36047
22627
14057
50904
15073
42583
59494
2225
16380
7399
24383
63048
27166
27195
6615
61327
51404
56066
54043
30926
16243
56158
62697
26557
46469
22972
32942
64239
22407
50472
63067
41476
17806
37639
28758
39443
30717
56276
44134
11489
55414
36891
36490
54791
5629
56648
61982
19897
32024
4247
51517
55563
17412
43133
60554
19098
64612
59009
1891
49236
367
60090
14211
42731
22473
14182
34173
42804
56716
52407
54645
30225
32431
49588
58604
36121
55647
57362
58603
3676
17790
18715
44983
34661
54396
31462
10893
25597
1550
2550
17236
7641
58198
60704
44955
40609
12439
45657
38148
22090
5972
8833
36412
14209
40705
62177
5696
29049
5916
4713
44723
1346
63398
36452
46842
61308
40927
21075
15365
24362
29781
39648
37690
48423
6204
45680
25237
17821
60388
46726
11430
13322
33864
4432
4036
9788
54657
12189
5875
1957
739
18866
34157
15331
35368
53225
17659
11784
33363
57135
57199
49318
7614
24472
15842
32227
56509
52213
62790
55166
49415
17618
32410
25367
768
54354
62042
529
47422
22261
56174
38864
11605
1405
59902
28503
39447
27285
37504
35384
42720
8566
34510
32514
64284
42964
55750
2185
23912
12948
39665
38149
6654
6913
45360
57030
9535
11456
55021
30030
12407
48614
42443
23066
49459
11397
3314
19858
16079
8348
6534
20812
61411
52789
32117
48099
50360
54776
28265
17421
29104
65210
26471
55307
64241
4565
45035
57283
33943
465
57080
43787
29379
52230
35851
60592
47484
42104
49621
50338
41536
62712
47175
54447
50459
50986
61525
20551
5152
2454
34959
10016
5950
4940
2355
53558
25058
56149
720
7085
24641
22423
15085
9469
59220
65502
33082
30894
18670
65224
14606
8533
43412
11515
34666
36972
24377
56803
41959
59151
23801
32993
25690
46871
57950
34625
46106
29522
41380
57819
28658
14804
41119
12794
30455
51881
55243
44207
2094
31628
49547
24203
27959
43015
54268
6108
1698
40743
2292
9877
44683
60204
32091
33988
39786
15678
57264
35724
21934
36774
17579
903
65308
39821
6542
60803
35706
42795
58103
33296
20528
25411
22315
58831
39023
37501
30693
12937
22498
47306
15228
57061
22061
42668
52714
10221
15027
46578
43374
3644
30733
22703
14056
21301
44202
5233
22285
29353
53793
44908
63723
28330
63282
40653
14930
34400
35556
16775
6446
6981
39916
24914
21941
59928
36543
23881
26523
9511
60472
54415
10153
15631
9355
25763
6741
42800
34009
487
63139
55649
23027
61198
49178
44967
31875
49412
61262
48807
56029
6363
27659
32345
16544
3469
8544
51786
6237
29937
28574
16167
49978
10829
11497
39861
5408
56589
8938
59606
13885
30679
49900
32555
12412
34601
20807
1461
36287
46277
19711
13009
41866
39718
22266
64709
20010
32245
23471
50197
10490
11651
46092
60398
47251
33479
17735
42760
37671
10575
14151
46340
7388
32710
38176
58402
4367
11551
18033
7938
33783
27929
11420
1031
60180
6764
8948
53456
32210
21678
40366
19635
55332
64210
14021
49651
41635
4502
26270
4397
7444
36542
36678
37569
5296
34882
49605
18182
56295
33310
19501
36858
63447
44184
36874
33435
27564
48778
57715
16790
44606
51923
30691
60619
20467
5068
3656
18025
39841
11334
6538
27415
60440
15549
58244
41518
20546
5823
5237
63843
31080
2913
59252
6580
27283
45838
8640
28012
4011
49806
63649
61306
60942
444
17201
52904
5616
59370
7112
63795
54142
38246
38662
1529
46910
50862
15405
31931
15064
50422
34031
24083
24865
40867
476
42911
5456
50570
35179
60532
35283
10763
19552
1201
25456
12809
6
5622
25209
22893
46127
20966
56355
61981
35894
45491
60737
42623
37884
60302
38450
5560
51291
1593
35362
35053
7082
9976
26023
42637
26740
38048
50264
55906
1325
57984
37619
44103
17814
7063
33725
56807
59016
38789
61804
60501
14040
32482
34245
7288
12720
45593
12801
53114
25067
31315
34678
15711
27611
27308
10904
52412
54267
23185
43716
34144
52632
36222
60002
39768
32739
12795
15599
44529
36915
49047
34880
43768
43170
9009
26528
19069
18769
5743
21958
13714
58271
48287
38900
38805
35958
40508
22535
36949
14674
20077
57404
3089
60145
41472
5197
29933
21974
25831
63194
28859
65097
9995
64265
5935
50029
6712
10031
58218
31471
36221
33755
21835
64587
4269
55880
32681
24050
64501
46136
58649
65427
10843
10282
46408
28754
62442
28885
40291
42161
44465
29472
5022
32307
60259
39322
46839
13176
7920
56646
25511
32432
8027
39725
47030
42009
2151
47062
62103
15144
55373
48828
62662
17674
13782
918
28221
24643
33508
36881
35503
45456
56153
11688
43162
39773
23122
34579
40100
7903
20310
45887
6042
19401
63453
61471
19939
1203
14936
9206
40362
25260
54667
62795
56090
49408
4219
11018
48698
29005
39631
17251
46897
49109
17566
21435
22702
5591
34478
23659
17383
58545
48513
25178
57240
9373
29870
41250
94
38344
65033
10017
58833
24157
22757
49939
65159
31520
4300
53757
11190
35910
63150
63635
25732
1696
42900
19140
30825
10771
63933
36877
60949
12824
17963
40409
4546
4995
9055
41027
25355
22488
12723
59194
7136
21297
55776
1655
30319
55380
45827
28753
46965
12702
37078
19506
63976
19144
33545
23690
22497
8643
63845
7594
55571
9392
34513
57736
12143
6799
32932
29292
27718
26456
46289
30338
21167
44362
3167
51212
56671
47949
58968
37663
1427
51235
62849
18707
26620
4972
1609
18359
21973
34306
40535
30335
32480
35663
57923
46756
38922
30251
17020
9371
16756
8410
27609
65491
5366
13454
17038
17788
38807
45272
41689
27276
62831
51220
65203
48514
52157
1571
798
8001
27788
57226
59650
13753
6949
7503
19374
55643
27203
48362
53493
12852
4184
45202
20953
63228
49308
21170
53732
13559
6245
61264
13961
36226
20399
63944
20844
62217
30767
42436
15400
6250
39986
40126
31973
3359
61653
38190
1822
8135
11659
11128
33374
31222
17206
21228
62577
16971
24133
64235
15837
55485
3452
51440
4481
22645
29856
1568
14813
60405
25757
47507
49929
46344
29089
36687
8879
14419
37781
44339
33199
47312
55866
45317
9432
21330
21413
27301
24256
5289
53042
57900
41967
17546
21634
8930
18402
42041
19210
43316
24838
47065
19287
61875
49379
34907
28424
45067
10835
55247
63799
61320
18865
30471
7335
6884
46292
47321
265
24229
4977
45788
2121
12831
53005
1006
13191
33718
2715
24721
8624
11924
11645
21460
39521
40840
49779
29552
48878
51524
51146
63207
27134
17908
25775
36801
36225
19228
28084
13807
33089
56231
2392
52848
2464
27879
48282
16754
24677
61950
47389
5612
62694
45227
35568
59718
50306
48438
12236
46730
25324
19782
49538
3009
30155
43303
30842
1909
2474
55804
49306
17749
18747
49254
26866
54694
38516
31033
37980
38777
52326
19096
7828
34130
20228
17352
39483
63965
44429
30380
53118
62017
55676
33287
29061
55993
22313
62225
49343
36761
1159
12878
15005
15021
58763
63963
7153
32455
31604
34284
5065
61050
64024
57839
43514
7374
3533
11088
65108
27137
31758
42837
23456
46636
23199
60887
25796
17833
26294
34171
62429
62363
56001
11859
33740
14292
38348
238
24496
18103
53213
37999
27656
15117
29199
53279
27575
8302
3537
401
38508
37584
21758
21893
49971
52502
20987
22618
21033
23334
6797
40132
58854
18901
62319
26712
35288
33196
13202
17171
55392
53002
4944
18703
30745
49568
55085
37800
29547
4378
35507
22356
36704
54872
1382
57503
51420
49481
65053
28455
9171
39530
53290
40483
15825
5802
50515
18552
56370
27605
6139
14767
62530
1340
2260
35334
29549
61689
33779
17569
45366
20142
44562
22647
885
37163
24324
12379
44183
38279
7555
20852
6785
36585
42649
8139
19958
58168
23972
49153
32115
63417
62349
51998
5819
53816
62595
44297
1734
56789
17988
16093
5865
48904
8592
63583
42861
50024
32251
57560
9271
38999
24528
59920
63673
29630
47486
42659
982
9971
5643
6028
31667
50692
1731
48480
53095
5029
14996
61355
9190
32249
10238
28986
29616
53421
31364
5926
16848
27536
4849
12146
11597
24432
33645
15550
55509
53086
5443
59837
61627
5082
26067
28995
45313
26958
44482
55985
21455
62136
24848
1729
2872
56134
64028
22852
23169
36242
51101
14156
63293
32640
65296
40631
61805
59800
6038
32662
40813
20480
1697
31984
17018
32417
6728
48124
50935
37127
31344
5502
37492
27096
62504
31316
43242
25309
47630
18002
27514
37114
19595
6052
54279
64588
51391
56461
61259
57197
4917
47873
258
12738
58998
12475
53123
27038
40810
55646
18309
60547
39818
18574
5415
54159
65153
14603
48719
3554
36017
26298
11490
23509
23572
61393
15286
42293
34215
45696
20954
3184
17315
62817
34484
10143
38180
50845
16306
33179
48760
37623
3651
24538
1675
27864
15616
52575
8419
63490
2598
14726
758
6982
61478
60508
35185
25111
43725
31700
33940
35750
56967
11412
27604
41433
13374
43193
57222
10635
60769
662
37486
53884
48214
40059
3154
39790
32816
27055
13851
19417
44797
26714
14870
29994
11046
22637
922
29026
1105
34434
25651
60462
33167
40510
38387
51492
32992
55146
42264
39728
32364
37419
7577
46952
20050
50356
61372
64768
16745
4494
40010
19641
12850
4242
55686
48239
9014
21264
6064
19083
23024
19598
33954
1945
43215
28782
37191
32947
15542
55867
63908
28884
19587
29825
35598
41891
2336
23225
13219
57331
58454
64842
16940
41081
5087
63135
14103
47366
51462
26446
28535
25167
39834
869
38918
16212
47778
62067
30205
54338
33903
58069
7618
56722
24755
63357
53992
54877
43336
62162
57429
42671
17445
41996
33875
41534
38689
42546
30690
2521
193
31598
58029
607
22551
45403
61437
49532
51782
24798
15435
772
61072
4194
57052
8656
34567
9327
12597
8281
10099
43195
34774
39598
43962
42144
30919
43122
6778
58827
27602
57568
52435
42469
18054
48999
19355
59482
46896
4973
5129
9864
34763
30110
42907
53013
21693
25433
5613
38539
54713
30427
23616
31508
55913
45646
35192
55002
3187
1648
20127
31359
11811
11568
37785
51376
34435
21575
40644
42686
17765
29294
24704
58427
56856
64111
18378
16023
60791
33795
32730
24984
61871
30940
409
58229
55236
18635
35754
54574
54974
59605
25770
39814
27190
27962
31501
59556
17849
33911
21602
47471
35737
50638
31137
58474
43385
50150
45436
64878
30969
36281
38701
18767
48298
39939
16113
39761
32477
13273
14629
11364
43684
59766
32802
25766
16236
38947
7285
12247
56359
44408
34705
21414
47860
33909
65411
62069
31583
1600
38129
63639
17526
62261
48477
23507
57248
33777
53677
4568
420
33923
59005
61217
62209
44799
58453
21262
38742
12536
59728
62303
24824
26481
41190
9505
29106
25332
8795
60341
35260
38989
19103
43689
15046
9125
4177
23036
13375
40229
55871
5103
37895
50858
31257
59423
40637
9650
25222
9294
27163
56186
11162
40776
53018
15973
19679
59070
21389
29033
51954
29861
25789
51219
54452
43328
59699
13232
15852
9567
57746
52095
57044
62490
60781
28034
62094
10511
7092
31153
11016
8198
41251
13164
44347
14665
47362
1767
41989
32176
38995
8012
50382
6616
48093
16743
34560
44824
54144
57457
13573
31619
39743
26585
40075
53957
5462
7364
57670
7347
49534
42485
7918
65273
12246
15357
43061
27323
22577
6770
58210
19008
11689
62970
46904
51801
14745
53573
3190
12250
3992
49807
37575
64769
23449
36849
23886
7263
37887
17934
29359
63727
34989
11700
50969
20835
9786
4573
33558
3309
56814
46694
43457
11850
17608
16712
45033
53324
15344
2957
64221
39678
54629
38906
10073
49147
49416
38664
56460
61636
37647
65112
14384
25781
13922
34660
9933
30974
2959
29454
62744
18770
63251
53292
40841
59833
15124
9194
22875
34191
60529
33582
25168
53235
64216
5430
48275
21184
45945
52423
28449
40287
570
23951
57449
16213
58921
57011
65485
32690
64882
12769
34359
44916
11678
36912
59625
44306
8458
63439
43608
63921
25531
19884
49772
27592
44924
55114
62802
29543
45341
6043
50340
60031
19388
23852
32519
26188
52090
18379
39657
10348
24521
27763
49969
50225
24155
15086
55772
43822
2411
35992
5126
4656
22217
6383
59866
40135
9262
32188
65093
930
54868
39938
12068
41047
16851
47743
50041
4868
62182
15614
3362
38520
41870
8920
64509
3863
20167
14157
3424
20611
42608
44988
52031
29185
22780
58803
32059
15438
8426
29034
35436
30626
44922
48813
10851
861
19919
62767
63138
6967
55743
3634
41819
4105
49698
18146
12013
64077
41599
55926
1761
36859
22728
46715
46672
56094
33983
45486
15716
34327
53945
48823
22472
57167
28076
51108
64401
59114
55558
51748
12888
16954
12783
9261
43000
10115
50826
18174
12913
60648
42981
53802
9370
44360
6685
29381
35702
22062
15081
7688
48713
7898
35685
29171
30658
31103
25409
57565
2348
44788
15167
24872
34506
23438
16602
41137
31371
40751
31112
6233
57615
52522
11716
42744
45608
42006
18661
44102
38849
27709
28887
9015
23439
39524
4750
58288
63618
42632
27444
15290
48822
2219
27925
7786
55648
46291
544
61039
46471
21048
10555
33378
36736
26365
12415
7187
53987
11792
47426
10594
57992
61602
15451
19261
64181
49445
63027
65400
36200
34973
224
43833
58004
1308
14001
31383
51213
36107
60989
63039
35233
23511
59778
29797
18009
2092
25175
53791
52288
31513
52099
14090
4207
37175
36371
11200
16970
25439
41082
63033
9769
49515
24067
38772
32053
19730
651
43057
9149
3398
11820
864
61388
24858
5018
11984
45810
13168
58032
25714
26960
48553
37403
52655
4270
35035
64355
45329
7069
64351
51953
54329
43807
15437
127
7609
42133
57259
50690
34423
48118
25970
7440
48971
29629
34225
46111
32901
32314
34591
8620
27325
41595
53574
26002
7659
25738
13498
30302
62702
55854
1572
47421
38538
23760
26564
59306
28878
34207
19609
45803
23215
54954
4854
31585
16882
43491
14400
41420
60153
16860
65107
56855
13231
43010
17940
35190
2081
62480
25431
25959
10992
1652
35730
30173
51382
2785
51191
32075
58869
61283
6109
53652
35791
1722
42533
26148
58302
35221
52462
48717
51974
59335
37641
54340
45358
62023
28863
49820
48982
59501
56595
41016
47059
8629
52875
52074
28862
8556
10245
24224
43601
28039
58540
4424
49391
27865
47212
6427
24552
25349
37502
40439
21143
61343
14122
14113
6588
40196
28680
55230
21801
23547
42361
4707
34723
56865
33678
19050
12518
53365
4788
17380
60170
44179
7023
63861
33823
51583
31039
35085
16123
9586
50540
6570
23796
62759
48144
58563
22959
7634
15409
31197
62853
24481
63710
57949
47294
60834
8872
51761
21324
50071
17411
55348
29993
41522
44298
5726
13387
48660
37532
5348
34317
18240
11032
27307
16141
3471
6338
1215
30393
50757
62235
38568
41163
27371
3883
54413
19750
11505
48267
34927
63268
19749
40271
38320
9393
20736
18750
46761
7488
12382
35859
65528
32241
4139
3042
64406
292
41415
12125
62588
857
25281
25011
48505
2841
38235
46665
44316
43818
63482
58816
240
53517
11596
14832
31292
27931
59013
27193
53188
25446
44948
61785
13862
63559
10495
48007
6384
45019
9458
25186
8732
48859
12169
27872
89
59926
10166
53738
32657
47242
48290
41225
24334
22970
61992
54849
34552
39416
43647
32278
9083
26393
14505
12239
52220
27235
20675
64042
1205
28903
60210
38579
56023
54887
5826
47197
39836
64128
53615
55491
6507
37795
25535
38921
38436
27733
45558
16810
62416
5230
32509
6968
48349
10729
39332
26697
31291
63184
20730
10204
34487
55152
26608
48508
38377
65154
10429
17906
37616
44540
43495
61529
35118
6912
25934
39338
53828
48411
35038
56128
25031
35977
53216
62015
8460
4492
8370
28284
33657
31818
17127
12503
12873
19725
2828
62506
10414
10141
12244
9213
45372
33037
38207
37698
38706
41307
62596
48556
57006
27119
52282
16246
5624
40849
56207
53759
64217
14084
51642
31680
18870
41204
58031
16404
14303
747
21845
49465
37171
13146
49817
41355
46248
49331
31549
35020
14036
39222
32169
61851
6265
18530
17198
3367
3870
10695
20492
44483
1371
48881
46909
21126
10493
27625
51042
47192
38342
28321
3879
8073
17271
45180
36551
37926
65026
28987
45284
65506
52919
31472
21796
23376
44237
35790
36455
12806
28384
9042
36807
28398
23989
28015
56760
2796
3805
981
28635
23335
53318
62634
29540
47393
51870
58221
59350
61616
28338
32259
31333
907
63142
38633
2977
60617
25966
51541
44544
23238
12149
63969
11661
42145
48550
63607
31440
57212
60864
56686
2004
57383
54209
13950
54382
45935
38275
46264
55714
35363
65117
15990
56886
25282
5075
41509
47584
62707
28744
17816
6696
36655
33182
7107
29450
39006
58189
60894
13054
48925
4205
1067
39738
57141
7343
38563
20834
33002
41056
30622
18463
14431
61474
42687
6553
20996
24484
62618
23232
24889
2655
1478
39058
44670
38790
37
41594
22581
14518
41284
26197
29764
1066
784
20533
34205
5190
14085
32415
42648
42117
2306
7039
17255
17050
36776
33482
13790
56696
40870
22607
31825
59646
6258
54436
23113
49273
38592
1494
40828
2264
34595
58949
6703
16650
55022
11535
68
41983
57892
29748
45128
408
56065
10952
4942
8258
42338
37384
9372
18412
38399
36370
47424
11995
61043
19686
56879
34581
56070
28146
65110
10355
4094
51467
25563
20343
58248
18861
39874
35430
37478
28682
42305
57104
61549
18624
42929
14418
7279
33
25938
17662
14061
42601
9495
37882
16540
44731
28551
24038
16952
17066
8897
61998
17905
65521
40402
5781
24357
55171
42126
62318
22540
11199
42068
36645
12400
54170
53285
13812
26839
37358
59307
36276
42636
13392
29193
54760
24645
65138
52058
22434
20383
8949
52844
15538
62706
19723
49694
40858
3723
12867
4958
20968
15175
2220
43834
23884
62160
42024
32031
52544
20241
33698
64782
11513
33232
39331
54766
50820
60647
14412
57572
21907
42313
64259
22704
46074
9245
60690
11318
4641
58944
34108
11011
25450
64407
53067
23042
40181
9276
18155
48803
42530
17769
13549
1581
38683
19508
26322
58904
33676
44203
22002
51421
10409
54798
51523
21688
29096
64717
26179
43989
25134
30275
28650
48132
18756
55706
26661
13201
40114
18361
7956
51233
57194
35853
35313
44470
37147
25441
28018
53203
3854
49951
22046
37898
64166
58355
48128
27475
35070
35926
33833
50179
36414
10643
56439
58194
34013
24452
63754
54600
27819
43715
44810
43130
42783
54935
38334
52606
44100
25429
54888
21841
44078
58618
43904
15015
37977
12117
16351
57049
40036
20314
40966
48978
45462
2054
32642
33431
37971
10118
2510
14933
63454
7883
45474
16808
49424
10576
27397
45259
35248
36213
15121
47079
8842
43351
14650
29483
6503
61289
61532
20930
