30439
42917
20832
51559
16703
40645
10542
26096
23038
58449
37326
11730
4833
63422
64395
30160
6289
2225
24383
6615
16243
26557
22972
41476
56276
36490
54791
56648
61982
19897
34173
42804
56716
30225
34661
2550
58198
44955
45657
8833
29049
46842
61308
24362
9788
11784
57199
49318
15842
32227
25367
529
1405
28503
37504
42720
9535
48614
42443
23066
49459
19858
52789
54776
65210
52230
47484
49621
50338
10016
4940
25058
7085
15085
65502
33082
65224
14606
34666
59151
29522
41119
51881
44207
54268
40743
65308
42795
20528
25411
58831
30693
47306
52714
15027
10153
34009
61198
48807
56029
32345
6237
34601
32245
50197
27929
11420
60180
36874
33435
60619
18025
5823
54142
38246
5456
25456
12809
6
61981
35894
60737
26023
1325
44103
33725
60501
53114
15711
27611
27308
60002
12795
36915
19069
18769
21958
35958
22535
36949
41472
65097
50029
58218
32681
24050
46408
28754
42009
63453
48698
21435
22702
25178
53757
63150
63635
63933
9055
7136
21297
55380
46965
12702
37078
19506
63976
19144
33545
23690
12143
6799
32932
51212
62849
18707
26620
21973
35663
38922
52157
8001
27788
27203
53493
63944
15400
39986
8135
21228
62577
24133
55485
3452
51440
4481
1568
14813
36687
45317
9432
21330
21413
27301
24256
5289
53042
57900
21634
42041
47065
49379
45067
10835
18865
30471
1006
33718
2715
24721
11924
11645
21460
63207
48438
49538
49254
26866
54694
38516
31033
53118
33287
12878
32455
34284
57839
65108
27137
26294
17171
18703
22356
1382
65053
39530
1340
61689
44562
24324
7555
42649
58168
5819
53816
62595
44297
1734
56789
17988
32251
57560
9271
38999
24528
59920
29630
31667
50692
1731
48480
53095
5029
61355
32249
28986
31364
16848
4849
11597
33645
55509
5443
61627
26067
45313
44482
21455
24848
2872
23169
51101
63293
65296
61805
6038
40813
1697
37127
31344
5502
37492
27096
62504
25309
47630
64588
51391
56461
61259
57197
4917
258
53123
27038
40810
54159
65153
14603
48719
3554
36017
11490
23572
3184
17315
62817
34484
10143
38180
16306
27864
15616
52575
8419
63490
2598
758
31700
33940
35750
56967
11412
27604
13374
53884
48214
40059
3154
39790
32816
13851
19417
922
29026
1105
34434
25651
60462
40510
51492
55146
42264
39728
50356
61372
64768
4494
19641
4242
48239
21264
19083
19598
1945
28782
32947
55867
28884
29825
41891
23225
57331
16940
5087
14103
51462
28535
39834
38918
47778
33903
7618
56722
24755
63357
53992
54877
61437
49532
51782
24798
15435
772
48999
9864
53013
54713
31508
55002
31359
42686
59605
27190
59556
21602
47471
43385
36281
48298
39761
59766
16236
56359
33777
19103
43689
15046
4177
13375
50858
31257
59423
27163
21389
29861
15852
9567
60781
28034
62094
10511
13164
44347
14665
41989
32176
44824
39743
7918
65273
6770
46904
53573
7263
63727
20835
3309
17608
15344
54629
49416
37647
13922
30974
2959
63251
9194
33582
5430
45945
28449
570
58921
64882
8458
63921
49772
55114
62802
60031
52090
39657
49969
55772
5126
59866
65093
47743
15614
41870
8920
44988
52031
32059
35436
861
6967
64077
36859
56094
48823
51108
51748
9261
10115
18174
53802
29381
7688
35685
25409
44788
34506
41137
6233
45608
44102
38849
9015
15290
27925
544
61039
46471
36736
49445
34973
14001
35233
31513
4207
25439
63033
24067
19730
11820
24858
58032
26960
37403
64355
45329
7069
15437
50690
25970
7440
34591
41595
25738
30302
26564
28878
45803
4854
31585
41420
65107
53652
38706
41307
62596
48556
57006
27119
52282
16246
5624
40849
56207
53759
64217
44237
35790
36455
12806
28384
9042
36807
28398
23989
28015
56760
2796
3805
981
28635
23335
53318
62634
29540
47393
51870
58221
59350
61616
28338
32259
31333
907
63142
38633
2977
60617
25966
51541
44544
23238
12149
63969
11661
42145
48550
63607
31440
57212
60864
56686
2004
57383
54209
13950
54382
45935
38275
46264
55714
35363
65117
15990
56886
25282
5075
41509
47584
62707
28744
17816
6696
36655
33182
7107
29450
39006
58189
60894
13054
48925
4205
1067
39738
57141
7343
38563
20834
33002
41056
30622
18463
14431
61474
42687
6553
20996
24484
62618
23232
24889
2655
1478
39058
44670
38790
37
41594
22581
14518
41284
26197
29764
1066
784
20533
34205
5190
14085
32415
42648
42117
2306
7039
17255
17050
36776
33482
13790
56696
40870
22607
31825
59646
6258
54436
23113
49273
38592
1494
40828
2264
34595
58949
6703
16650
55022
11535
68
41983
57892
29748
45128
408
56065
10952
4942
8258
42338
37384
9372
18412
38399
36370
47424
11995
61043
19686
56879
34581
56070
28146
65110
10355
4094
51467
25563
20343
58248
18861
39874
35430
37478
28682
42305
57104
61549
18624
42929
14418
7279
33
25938
17662
14061
42601
9495
37882
16540
44731
28551
24038
16952
17066
8897
61998
17905
65521
40402
5781
24357
55171
42126
62318
22540
11199
42068
36645
12400
54170
53285
13812
26839
37358
59307
36276
42636
13392
29193
54760
24645
65138
52058
22434
20383
8949
52844
15538
62706
19723
49694
40858
3723
12867
4958
20968
15175
2220
43834
23884
62160
42024
32031
52544
20241
33698
64782
11513
33232
39331
54766
50820
60647
14412
57572
21907
42313
64259
22704
46074
9245
60690
11318
4641
58944
34108
11011
25450
64407
53067
23042
40181
9276
18155
48803
42530
17769
13549
1581
38683
19508
26322
58904
33676
44203
22002
51421
10409
54798
51523
21688
29096
64717
26179
